444
490
466
451
478
470
440
469
450
451
460
456
453
462
446
463
466
453
471
454
466
459
447
466
437
467
443
454
453
446
457
466
446
456
460
448
456
446
448
455
460
481
548
528
515
522
550
533
449
475
496
464
494
483
475
462
479
477
467
476
465
486
468
466
458
459
479
468
461
471
458
474
469
465
469
455
461
474
445
456
464
466
454
460
454
460
462
473
453
473
464
457
470
457
460
448
461
477
461
452
474
462
466
450
460
458
452
460
455
464
460
463
469
450
467
443
469
447
466
470
452
466
454
452
467
451
468
452
474
463
449
471
463
457
462
455
462
469
469
458
467
477
452
458
461
456
476
444
449
457
458
449
440
461
451
460
460
460
446
463
442
472
453
457
458
453
470
443
459
477
451
457
438
60
60
60
60
60
61
61
60
61
17
250
365
16
16
333
323
21
16
651
340
387
17
84
370
363
16
74
59
60
59
60
59
59
60
60
60
14
16
16
15
16
15
15
15
14
16
16
16
15
16
16
15
16
14
15
12
14
13
15
15
14
15
13
15
14
16
14
14
14
14
13
15
13
14
15
14
14
13
13
13
13
15
14
13
13
15
14
14
15
16
13
14
15
12
15
15
15
15
13
15
14
15
15
15
0
0
0
0
0
0
0
0
0
